> AHR_do
0.186783884257583  0.140660555426019  0.442901067904384  0.229654492412014
0.278960888764737  0.176442828357918  0.416696327895041  0.127899954982304
0.265358112358013  0.128891767956483  0.361213425438768  0.244536694246736
0.0426333183274346  0.0762643286399516  0.260123096601819  0.620979256430794
0.11969083117287  0.299345057411024  0.091017554861952  0.489946556554154
0.00444183155070979  0.0  0.989847242169805  0.00571092627948402
0.0  0.979059936975224  0.0107873051945809  0.0101527578301938
0.00444183155070979  0.00571092627948402  0.989847242169805  0.0
0.0  0.0  0.00507637891509691  0.994923621084902
0.00111045788767745  0.00111045788767745  0.996668626336966  0.00111045788767745

> AHR_f1
0.193828153475591  0.137615904830638  0.447443857027391  0.22111208466638
0.281822160915696  0.172483081029937  0.416482946844045  0.129211811210323
0.257181912842831  0.12572640616038  0.370046799899078  0.24704488109771
0.0379421569433386  0.081533954687542  0.267919598316587  0.612604290052532
0.120918487291534  0.303056463659824  0.0810531628006574  0.494971886247984
0.00448739094425623  0.0  0.995512609055743  0.0
0.0  0.973716710183641  0.0108979494360509  0.0153853403803071
0.0  0.00576950264261516  0.994230497357384  0.0
0.0  0.0  0.00512844679343569  0.994871553206564
0.0  0.0  0.999999999999999  0.0
0.271355509105762  0.449125956371546  0.10464193071844  0.174876603804253

> AHR_f2
0.193828153475591  0.137615904830638  0.447443857027391  0.22111208466638
0.281822160915696  0.172483081029937  0.416482946844045  0.129211811210323
0.257181912842831  0.12572640616038  0.370046799899078  0.24704488109771
0.0379421569433386  0.081533954687542  0.267919598316587  0.612604290052532
0.120918487291534  0.303056463659824  0.0810531628006574  0.494971886247984
0.00448739094425623  0.0  0.995512609055743  0.0
0.0  0.973716710183641  0.0108979494360509  0.0153853403803071
0.0  0.00576950264261516  0.994230497357384  0.0
0.0  0.0  0.00512844679343569  0.994871553206564
0.0  0.0  0.999999999999999  0.0
0.271355509105762  0.449125956371546  0.10464193071844  0.174876603804253

> AHR_si
0.263144777350613  0.118597458194487  0.366413403098881  0.25184436135602
0.0706518680323925  0.0771042843316741  0.225145613148406  0.627098234487527
0.14105450572643  0.285031471977226  0.134495447315127  0.439418574981218
0.0165402342545919  0.00855529357996134  0.947420890597548  0.0274835815678984
0.0  0.976615530881438  0.00969599939062285  0.0136884697279381
0.0223504054199216  0.0051331761479768  0.970235006810777  0.00228141162132302
0.0  0.0223504054199216  0.00456282324264605  0.973086771337431
0.0  0.0  0.999999999999999  0.0
0.279810224889837  0.434373469772652  0.10496230952256  0.180853995814951

> AIRE_do
0.397727272727273  0.261363636363636  0.125  0.215909090909091
0.181818181818182  0.181818181818182  0.136363636363636  0.5
0.136363636363636  0.136363636363636  0.204545454545455  0.522727272727272
0.0454545454545454  0.0  0.886363636363636  0.0681818181818182
0.0  0.0  0.818181818181817  0.181818181818182
0.318181818181818  0.0454545454545454  0.0227272727272727  0.613636363636363
0.386363636363636  0.0909090909090909  0.0227272727272727  0.5
0.363636363636364  0.136363636363636  0.136363636363636  0.363636363636364
0.340909090909091  0.0681818181818182  0.136363636363636  0.454545454545455
0.522727272727273  0.0909090909090909  0.136363636363636  0.25
0.386363636363636  0.0454545454545454  0.0681818181818182  0.5
0.227272727272727  0.136363636363636  0.0681818181818182  0.568181818181818
0.0  0.0227272727272727  0.886363636363636  0.0909090909090909
0.0  0.0  0.977272727272726  0.0227272727272727
0.227272727272727  0.0909090909090909  0.25  0.431818181818182
0.0681818181818182  0.181818181818182  0.181818181818182  0.568181818181818
0.454545454545454  0.0227272727272727  0.159090909090909  0.363636363636364
0.403409090909091  0.267045454545455  0.107954545454545  0.221590909090909

> AIRE_f1
0.181372549019608  0.142156862745098  0.181372549019608  0.495098039215686
0.0  0.0  0.764705882352942  0.235294117647059
0.0  0.0  0.764705882352942  0.235294117647059
0.450980392156863  0.0196078431372549  0.0196078431372549  0.509803921568628
0.215686274509804  0.0392156862745098  0.0196078431372549  0.725490196078431
0.450980392156863  0.117647058823529  0.0784313725490196  0.352941176470588
0.411764705882353  0.0392156862745098  0.0784313725490196  0.470588235294118
0.627450980392157  0.0980392156862745  0.117647058823529  0.156862745098039
0.235294117647059  0.0392156862745098  0.0784313725490196  0.647058823529412
0.137254901960784  0.117647058823529  0.0392156862745098  0.705882352941177
0.0  0.0  1.0  0.0
0.0  0.0196078431372549  0.980392156862746  0.0
0.186274509803922  0.147058823529412  0.127450980392157  0.53921568627451

> AIRE_f2
0.397727272727273  0.261363636363636  0.125  0.215909090909091
0.181818181818182  0.181818181818182  0.136363636363636  0.5
0.136363636363636  0.136363636363636  0.204545454545455  0.522727272727272
0.0454545454545454  0.0  0.886363636363636  0.0681818181818182
0.0  0.0  0.818181818181817  0.181818181818182
0.318181818181818  0.0454545454545454  0.0227272727272727  0.613636363636363
0.386363636363636  0.0909090909090909  0.0227272727272727  0.5
0.363636363636364  0.136363636363636  0.136363636363636  0.363636363636364
0.340909090909091  0.0681818181818182  0.136363636363636  0.454545454545455
0.522727272727273  0.0909090909090909  0.136363636363636  0.25
0.386363636363636  0.0454545454545454  0.0681818181818182  0.5
0.227272727272727  0.136363636363636  0.0681818181818182  0.568181818181818
0.0  0.0227272727272727  0.886363636363636  0.0909090909090909
0.0  0.0  0.977272727272726  0.0227272727272727
0.227272727272727  0.0909090909090909  0.25  0.431818181818182
0.0681818181818182  0.181818181818182  0.181818181818182  0.568181818181818
0.454545454545454  0.0227272727272727  0.159090909090909  0.363636363636364
0.403409090909091  0.267045454545455  0.107954545454545  0.221590909090909

> AIRE_si
0.143518518518518  0.199074074074074  0.180555555555555  0.476851851851852
0.0185185185185185  0.222222222222222  0.333333333333333  0.425925925925926
0.074074074074074  0.12962962962963  0.666666666666667  0.12962962962963
0.203703703703704  0.037037037037037  0.518518518518518  0.240740740740741
0.148148148148148  0.037037037037037  0.166666666666667  0.648148148148148
0.296296296296296  0.12962962962963  0.0555555555555555  0.518518518518518
0.444444444444444  0.0555555555555555  0.0555555555555555  0.444444444444444
0.0555555555555555  0.148148148148148  0.203703703703704  0.592592592592593
0.777777777777777  0.0  0.12962962962963  0.0925925925925926
0.407407407407407  0.0185185185185185  0.037037037037037  0.537037037037037
0.037037037037037  0.185185185185185  0.277777777777778  0.5
0.0555555555555555  0.111111111111111  0.62962962962963  0.203703703703704
0.111111111111111  0.0185185185185185  0.722222222222222  0.148148148148148
0.0555555555555555  0.222222222222222  0.333333333333333  0.388888888888889
0.296296296296296  0.037037037037037  0.0925925925925926  0.574074074074074
0.425925925925926  0.037037037037037  0.111111111111111  0.425925925925926
0.578703703703704  0.152777777777778  0.0787037037037037  0.189814814814815

> ALX1_do
0.14  0.34  0.42  0.1
0.28  0.36  0.28  0.08
0.52  0.2  0.12  0.16
0.32  0.24  0.08  0.36
0.48  0.16  0.28  0.08
0.64  0.2  0.08  0.08
0.04  0.04  0.0  0.92
0.48  0.08  0.16  0.28
0.68  0.08  0.12  0.12
0.28  0.16  0.04  0.52
0.44  0.12  0.08  0.36
0.12  0.08  0.24  0.56
0.4  0.12  0.12  0.36
0.8  0.12  0.0  0.08
0.08  0.08  0.24  0.6
0.0  0.24  0.16  0.6
0.56  0.04  0.28  0.12
0.16  0.28  0.44  0.12
0.08  0.28  0.16  0.48
0.28  0.12  0.24  0.36
0.0  0.36  0.56  0.08
0.16  0.16  0.52  0.16

> ALX1_f1
0.395833333333333  0.1875  0.354166666666667  0.0625
0.416666666666667  0.291666666666667  0.0833333333333333  0.208333333333333
0.0833333333333333  0.0833333333333333  0.0416666666666667  0.791666666666667
0.916666666666667  0.0  0.0416666666666667  0.0416666666666667
0.916666666666667  0.0  0.0  0.0833333333333333
0.0416666666666667  0.125  0.0  0.833333333333333
0.125  0.208333333333333  0.291666666666667  0.375
0.0833333333333333  0.375  0.0833333333333333  0.458333333333333
0.625  0.25  0.125  0.0
0.958333333333333  0.0  0.0416666666666667  0.0
0.0  0.0  0.0  1.0
0.0833333333333333  0.0833333333333333  0.0  0.833333333333333
0.958333333333333  0.0  0.0416666666666667  0.0
0.0416666666666667  0.333333333333333  0.375  0.25
0.0833333333333333  0.458333333333333  0.333333333333333  0.125
0.25  0.0833333333333333  0.333333333333333  0.333333333333333
0.0  0.333333333333333  0.458333333333333  0.208333333333333
0.0833333333333333  0.208333333333333  0.416666666666667  0.291666666666667

> ALX1_f2
0.19047619047619  0.476190476190476  0.19047619047619  0.142857142857143
0.142857142857143  0.428571428571429  0.428571428571429  0.0
0.523809523809524  0.142857142857143  0.142857142857143  0.19047619047619
0.476190476190476  0.0476190476190476  0.333333333333333  0.142857142857143
0.142857142857143  0.428571428571429  0.0476190476190476  0.380952380952381
0.333333333333333  0.0476190476190476  0.0  0.619047619047619
0.952380952380952  0.0  0.0476190476190476  0.0
0.523809523809524  0.0952380952380952  0.0  0.380952380952381
0.0952380952380952  0.0476190476190476  0.19047619047619  0.666666666666667
0.238095238095238  0.19047619047619  0.285714285714286  0.285714285714286
0.333333333333333  0.476190476190476  0.0476190476190476  0.142857142857143
0.666666666666667  0.0  0.142857142857143  0.19047619047619
0.571428571428571  0.0  0.0476190476190476  0.380952380952381
0.0952380952380952  0.0  0.0  0.904761904761905
0.428571428571429  0.0476190476190476  0.0  0.523809523809524
0.666666666666667  0.0476190476190476  0.142857142857143  0.142857142857143
0.0952380952380952  0.333333333333333  0.285714285714286  0.285714285714286
0.0476190476190476  0.19047619047619  0.428571428571429  0.333333333333333
0.142857142857143  0.142857142857143  0.380952380952381  0.333333333333333
0.238095238095238  0.19047619047619  0.333333333333333  0.238095238095238
0.0  0.19047619047619  0.523809523809524  0.285714285714286
0.119047619047619  0.357142857142857  0.357142857142857  0.166666666666667

> ALX1_si
0.436832740213523  0.209074733096085  0.273131672597865  0.0809608540925267
0.0640569395017794  0.096085409252669  0.0  0.839857651245551
0.772241992882562  0.0320284697508897  0.099644128113879  0.096085409252669
0.868327402135231  0.0640569395017794  0.0  0.0676156583629893
0.0  0.096085409252669  0.0  0.90391459074733
0.0320284697508897  0.227758007117438  0.128113879003559  0.612099644128114
0.483985765124555  0.0  0.516014234875445  0.0
0.355871886120996  0.256227758007117  0.355871886120996  0.0320284697508897
0.775800711743772  0.0  0.128113879003559  0.096085409252669
0.099644128113879  0.0  0.0320284697508897  0.868327402135231
0.0640569395017794  0.0320284697508897  0.0320284697508897  0.871886120996441
0.829181494661921  0.0569395017793594  0.0569395017793594  0.0569395017793594

> ANDR_do
0.310296237424405  0.0361007473957255  0.560716827494991  0.0928861876848778
0.0562118371760303  0.0340480679482862  0.909740094875683  0.0
0.420177463801919  0.0  0.2327101231158  0.347112413082281
0.760226365320687  0.00568434308521655  0.0941074577441406  0.139981833849956
0.0157898419033793  0.950735693261456  0.0271585280738124  0.00631593676135172
0.726294278498427  0.0360008395397048  0.107770556367062  0.129934325594806
0.090002098849262  0.272642349861344  0.385697617889539  0.251657933399855
0.319496263021373  0.19303570264531  0.329485780713509  0.157982253619808
0.395803116707702  0.0933598829419792  0.310537970429454  0.200299029920865
0.172998676698024  0.253062945901154  0.051732690880071  0.522205686520752
0.0180004197698524  0.0454747446817324  0.925156149377982  0.0113686861704331
0.102260184970885  0.014526654551109  0.0958862576465199  0.787326902831487
0.244710402962368  0.0170530292556496  0.289179766566884  0.449056801215098
0.134355481327752  0.800906166868393  0.0192636071221227  0.0454747446817324
0.0839439683629647  0.273074127825438  0.0567854402891523  0.586196463522445
0.24402081872322  0.119255223663521  0.191514709017985  0.445209248595274

> ANDR_f1
0.382619996097499  0.0498052229885002  0.462565097572271  0.105009683341729
0.0527219648555851  0.0250322515503337  0.876569389178608  0.0456763944154725
0.411521796108693  0.11829065356883  0.199104247782485  0.271083302539992
0.758855617919871  0.0393826725427262  0.066061257168444  0.135700452368959
0.0158801098962606  0.970462995592955  0.012068883521158  0.00158801098962606
0.657196922814668  0.0304898110008203  0.167661630187889  0.144651635996622
0.142545064782662  0.242557426812481  0.328510978278697  0.28638653012616
0.478620173725806  0.00158801098962606  0.518203804294942  0.00158801098962606
0.363505542136228  0.124701019613092  0.360472156097627  0.151321282153052
0.135875418626233  0.195234699321624  0.0577452779366305  0.611144604115513
0.028584197813269  0.0387474681468758  0.915517815351893  0.0171505186879614
0.0952223372918055  0.020961745063064  0.0805543141014877  0.803261603543643
0.324122869593502  0.0527219648555851  0.166190263369779  0.456964902181134
0.0843655404765902  0.820989004541696  0.028584197813269  0.066061257168444
0.0628269131034339  0.383773760717684  0.0507580295822758  0.502641296596606
0.18334078205774  0.165872661171854  0.237910038015119  0.412876518755287

> ANDR_f2
0.382619996097499  0.0498052229885002  0.462565097572272  0.105009683341729
0.0527219648555852  0.0250322515503337  0.876569389178609  0.0456763944154725
0.411521796108693  0.11829065356883  0.199104247782485  0.271083302539992
0.758855617919871  0.0393826725427263  0.066061257168444  0.135700452368959
0.0158801098962606  0.970462995592955  0.012068883521158  0.00158801098962606
0.657196922814668  0.0304898110008203  0.167661630187889  0.144651635996623
0.142545064782662  0.242557426812481  0.328510978278697  0.28638653012616
0.478620173725806  0.00158801098962606  0.518203804294942  0.00158801098962606
0.363505542136228  0.124701019613092  0.360472156097628  0.151321282153052
0.135875418626233  0.195234699321624  0.0577452779366305  0.611144604115513
0.0285841978132691  0.0387474681468758  0.915517815351894  0.0171505186879614
0.0952223372918055  0.020961745063064  0.0805543141014878  0.803261603543643
0.324122869593502  0.0527219648555851  0.166190263369779  0.456964902181134
0.0843655404765903  0.820989004541697  0.0285841978132691  0.066061257168444
0.0628269131034339  0.383773760717684  0.0507580295822759  0.502641296596606
0.18334078205774  0.165872661171854  0.237910038015119  0.412876518755287

> ANDR_si
0.42810419472053  0.143569863954779  0.19664498893366  0.231680952391031
0.716552277776667  0.0  0.283447722223332  0.0
0.0  0.0  1.0  0.0
0.629328175757058  0.120929585852017  0.0986551143730709  0.151087124017854
0.991130135833577  0.0  0.0  0.0088698641664229
0.0  1.0  0.0  0.0
0.871974522814845  0.0  0.0640626441240216  0.0639628330611333
0.116860460392622  0.34295349872287  0.184471050183213  0.355714990701295

> AP2A_do
0.393179202907727  0.263976539533428  0.211228232820352  0.131616024738492
0.132379785891073  0.143606890987533  0.187554565523527  0.536458757597869
0.129397466400035  0.15612573453665  0.608151528315853  0.106325270747465
0.0108173816667181  0.58378841636551  0.39080205874199  0.014592143225785
0.00809447444440686  0.943981543410205  0.0242329557236261  0.0236910264217631
0.00895104919807658  0.886348768984277  0.0230895066167353  0.0816106752009116
0.0739847993670949  0.137547062332018  0.150779136861976  0.637689001438913
0.0509049653681647  0.291081400433056  0.617428142338371  0.0405854918604099
0.44572492765674  0.0863200143746233  0.452599326875336  0.0153557310933047
0.0580107852836565  0.0160653700886053  0.921021333309273  0.00490251131846619
0.0171395368102168  0.0222893174246046  0.959821938296024  0.000749207469156822
0.0503623361648047  0.659176662490172  0.249023463437777  0.041437537907248

> AP2A_f1
0.0123068107017998  0.398051687696902  0.562144355252783  0.0274971463485151
0.00726279635684821  0.936980886052218  0.0407260828617804  0.0150302347291572
0.0117708594272499  0.920113480551561  0.0302574776250039  0.0378581823961888
0.0317287110032797  0.214502668018965  0.0886941147656175  0.665074506212139
0.0  0.0  0.902354197489178  0.0976458025108261
0.424035430367028  0.151608640036894  0.388969236751747  0.0353866928443305
0.0746899243496035  0.0152910841299005  0.905086386854684  0.00493260466581525
0.0143445439653918  0.0160547805009674  0.969245361197825  0.000355314335820112
0.0666595651125376  0.54012014575628  0.361057934178312  0.0321623549528702

> AP2A_f2
0.0155815658401221  0.396063618672619  0.561151412510187  0.0272034029770719
0.00625723901024916  0.927819429024881  0.050290807408485  0.0156325245563876
0.0131107848845037  0.906438193378542  0.0421088240641333  0.0383421976728243
0.033848258529123  0.217045424747242  0.087782114796682  0.661324201926954
0.0  0.0  0.902865022559907  0.0971349774400963
0.425715217631976  0.153776801732844  0.384476312476412  0.036031668158767
0.0750473307262455  0.0154912909595661  0.904541723681713  0.0049196546324784
0.0198480786739118  0.0147852235438499  0.963491325933786  0.00187537184845518
0.0654718981077008  0.536621756176472  0.361856679303411  0.0360496664124161

> AP2A_si
0.0155815658401221  0.396222161756767  0.557967371890006  0.030228900513104
0.00726573818892652  0.927278887659093  0.0503521789249295  0.0151031952270542
0.012407569591911  0.907952024117505  0.0421701955805778  0.0374702107100095
0.0327937307131123  0.217045424747242  0.087782114796682  0.662378729742965
0.0  0.0  0.902335693230574  0.0976643067694296
0.43004997418549  0.153776801732844  0.386684113372275  0.0294891107093907
0.0786375644382457  0.0154912909595661  0.900908018478898  0.00496312612329322
0.0198097214761341  0.0147852235438499  0.962857153597194  0.00254790138282559
0.0662282724917088  0.53778884769958  0.360246709707408  0.0357361701013023

> AP2B_do
0.251302083333333  0.194010416666667  0.162760416666667  0.391927083333333
0.234375  0.145833333333333  0.427083333333333  0.192708333333333
0.046875  0.65625  0.151041666666667  0.145833333333333
0.291666666666667  0.0  0.177083333333333  0.53125
0.239583333333333  0.140625  0.473958333333333  0.145833333333333
0.244791666666667  0.046875  0.416666666666667  0.291666666666667
0.0  0.244791666666667  0.65625  0.0989583333333334
0.01171875  0.444010416666667  0.485677083333333  0.05859375
0.0  0.817708333333334  0.135416666666667  0.046875
0.234375  0.619791666666667  0.0520833333333333  0.09375
0.151041666666667  0.333333333333333  0.286458333333333  0.229166666666667
0.0  0.286458333333333  0.5625  0.151041666666667
0.239583333333333  0.140625  0.619791666666667  0.0
0.0  0.09375  0.90625  0.0
0.0  0.145833333333333  0.854166666666667  0.0
0.479166666666667  0.234375  0.046875  0.239583333333333
0.244791666666667  0.135416666666667  0.619791666666667  0.0
0.0989583333333334  0.145833333333333  0.557291666666667  0.197916666666667
0.0  0.317708333333333  0.239583333333333  0.442708333333333
0.0  0.328125  0.578125  0.09375
0.380208333333333  0.291666666666667  0.1875  0.140625
0.0885416666666667  0.328125  0.453125  0.130208333333333

> AP2B_f1
0.0395256916996047  0.0  0.782608695652174  0.177865612648221
0.0  0.648221343873518  0.245059288537549  0.106719367588933
0.0  0.964426877470355  0.0  0.0355731225296443
0.114624505928854  0.573122529644269  0.0  0.312252964426878
0.075098814229249  0.0355731225296443  0.889328063241107  0.0
0.328063241106719  0.316205533596838  0.355731225296443  0.0
0.0711462450592885  0.0355731225296443  0.853754940711462  0.0395256916996047
0.0  0.0  1.0  0.0
0.190711462450593  0.123517786561265  0.676877470355731  0.00889328063241107
0.222332015810277  0.447628458498024  0.253952569169961  0.0760869565217391

> AP2B_f2
0.0471204188481675  0.0942408376963351  0.340314136125654  0.518324607329843
0.0890052356020942  0.371727748691099  0.387434554973822  0.151832460732984
0.151832460732984  0.329842931937173  0.0  0.518324607329843
0.193717277486911  0.287958115183246  0.471204188481675  0.0471204188481675
0.193717277486911  0.617801047120419  0.18848167539267  0.0
0.198952879581152  0.0471204188481675  0.324607329842932  0.429319371727749
0.18848167539267  0.146596858638743  0.471204188481675  0.193717277486911
0.0471204188481675  0.146596858638743  0.56020942408377  0.246073298429319
0.0  0.450261780104712  0.502617801047121  0.0471204188481675
0.0117801047120419  0.592931937172775  0.336387434554974  0.0589005235602094
0.0  0.675392670157068  0.136125654450262  0.18848167539267
0.240837696335079  0.476439790575916  0.18848167539267  0.0942408376963351
0.0  0.282722513089005  0.486910994764398  0.230366492146597
0.0  0.329842931937173  0.518324607329843  0.151832460732984
0.282722513089005  0.141361256544503  0.528795811518325  0.0471204188481675
0.0  0.146596858638743  0.753926701570681  0.0994764397905759
0.0  0.298429319371728  0.654450261780105  0.0471204188481675
0.424083769633508  0.193717277486911  0.0  0.382198952879581
0.193717277486911  0.0471204188481675  0.654450261780105  0.104712041884817
0.293193717277487  0.0  0.424083769633508  0.282722513089005
0.0471204188481675  0.523560209424084  0.18848167539267  0.240837696335079
0.0471204188481675  0.382198952879581  0.387434554973822  0.183246073298429
0.235602094240838  0.429319371727749  0.141361256544503  0.193717277486911
0.112565445026178  0.24869109947644  0.431937172774869  0.206806282722513

> AP2B_si
0.0423728813559322  0.038135593220339  0.800847457627119  0.11864406779661
0.0  0.851694915254237  0.0338983050847458  0.114406779661017
0.0  0.961864406779661  0.0  0.038135593220339
0.0847457627118644  0.690677966101695  0.0  0.224576271186441
0.11864406779661  0.0  0.88135593220339  0.0
0.427966101694915  0.338983050847458  0.233050847457627  0.0
0.076271186440678  0.038135593220339  0.843220338983051  0.0423728813559322
0.0  0.0  1.0  0.0
0.204449152542373  0.289194915254237  0.496822033898305  0.00953389830508475
0.11864406779661  0.470338983050847  0.300847457627119  0.110169491525424

> AP2C_do
0.192991946756767  0.0182690392101137  0.17994240441094  0.608796609622179
0.11789676184548  0.0668449661326293  0.738994499404813  0.0762637726170784
0.0349433878849343  0.569097807117073  0.391677128120069  0.00428167687792296
0.0110140059740184  0.965961898859341  0.000384549773651293  0.0226395453929922
0.0148586360926134  0.792712933458652  0.000826069884139815  0.191602360564596
0.0946430651247153  0.215714755049685  0.198894698941332  0.490747480884268
0.100543968338529  0.499765162680244  0.385029908860771  0.0146609601204556
0.622425738304342  0.0607839691080317  0.310434539384223  0.00635575320340332
0.00365678349573961  0.000135304549988418  0.996040561589814  0.000167350364459359
0.03054335709843  0.00850375050712801  0.960883459796423  6.94325980203724e-05
0.0487284591346443  0.657509861882723  0.288620106083072  0.00514157289955988

> AP2C_f1
0.00169523049769311  0.381997893873104  0.601066313676622  0.015240561952581
0.000526106016525447  0.983208146944853  0.000409193568408681  0.0158565534702111
0.0158690672593335  0.980180709114902  0.000138169256865269  0.00381205436889819
0.0100084141190868  0.238069822534585  0.0222141106867425  0.729707652659585
0.00792467694163792  0.0  0.885965209242485  0.106110113815877
0.36323419149492  0.206685521522516  0.393107321357521  0.0369729656250433
0.19699149556418  0.000370222752369759  0.801883664972877  0.000754616710571853
0.019826262503994  0.000356051546537424  0.978382851358943  0.00143483459052395
0.04759345801224  0.558463395149313  0.356837696606787  0.0371054502316593

> AP2C_f2
0.210506730513203  0.2463720330472  0.100408643201861  0.442712593237736
0.18622593349587  0.174276640732536  0.436137607643418  0.203359818128177
0.00386202249122894  0.456644055677263  0.531151514176367  0.00834240765514163
0.000466516217557262  0.997680225239755  0.000508594150905564  0.0013446643917827
0.0139541075912707  0.97338592289698  0.0  0.01265996951175
0.0326664055327725  0.225938488959022  0.0482481809583553  0.693146924549852
0.0  0.0  0.863738161593783  0.136261838406219
0.393714892619293  0.19287844850282  0.38271102224008  0.030695636637806
0.168392624036177  7.86674406076952e-05  0.830765817296858  0.000762891226358346
0.0166359771637015  0.00902958384320457  0.973732541598677  0.000601897394417017
0.0502075490720958  0.569203768969066  0.347440425407705  0.0331482565511347
0.16870435649732  0.449305590966318  0.166205002981626  0.215785049554736
0.503145355182322  0.179284480039715  0.183859871713844  0.13371029306412

> AP2C_si
0.00150477873201061  0.383795522281063  0.599464385243593  0.015235313743334
0.000472017856975026  0.983145021549861  0.000628174140485562  0.0157547864526765
0.0153485393985595  0.982000352788203  0.000138411251293429  0.00251269656194225
0.0100774037960946  0.241196452697545  0.0215272454329012  0.727198898073458
0.00793855649565994  0.0  0.88915301140549  0.102908432098849
0.36270452383814  0.203931490055405  0.393797597656263  0.0395663884501927
0.195457314389351  0.000447174811871078  0.803339572426328  0.000755938372448727
0.0195752918890195  0.000356675147563836  0.978905733353194  0.00116229961022046
0.0475650211421678  0.556809919029196  0.358199093360705  0.037425966467932

> AP2D_do
0.232558139534884  0.488372093023256  0.232558139534884  0.0465116279069767
0.0  0.0  1.0  0.0
0.0  0.627906976744186  0.186046511627907  0.186046511627907
0.0  1.0  0.0  0.0
0.0  0.604651162790698  0.0  0.395348837209302
0.0  0.0  1.0  0.0
0.395348837209302  0.232558139534884  0.372093023255814  0.0
0.0  0.0  1.0  0.0
0.0  0.0  1.0  0.0
0.0  0.813953488372093  0.186046511627907  0.0
0.186046511627907  0.232558139534884  0.395348837209302  0.186046511627907
0.0  0.813953488372093  0.186046511627907  0.0
0.0  0.186046511627907  0.813953488372093  0.0
0.0465116279069767  0.232558139534884  0.0465116279069767  0.674418604651163

> AP2D_f1
0.232558139534884  0.488372093023256  0.232558139534884  0.0465116279069767
0.0  0.0  1.0  0.0
0.0  0.627906976744186  0.186046511627907  0.186046511627907
0.0  1.0  0.0  0.0
0.0  0.604651162790698  0.0  0.395348837209302
0.0  0.0  1.0  0.0
0.395348837209302  0.232558139534884  0.372093023255814  0.0
0.0  0.0  1.0  0.0
0.0  0.0  1.0  0.0
0.0  0.813953488372093  0.186046511627907  0.0
0.186046511627907  0.232558139534884  0.395348837209302  0.186046511627907
0.0  0.813953488372093  0.186046511627907  0.0
0.0  0.186046511627907  0.813953488372093  0.0
0.0465116279069767  0.232558139534884  0.0465116279069767  0.674418604651163

> AP2D_f2
0.232558139534884  0.488372093023256  0.232558139534884  0.0465116279069767
0.0  0.0  1.0  0.0
0.0  0.627906976744186  0.186046511627907  0.186046511627907
0.0  1.0  0.0  0.0
0.0  0.604651162790698  0.0  0.395348837209302
0.0  0.0  1.0  0.0
0.395348837209302  0.232558139534884  0.372093023255814  0.0
0.0  0.0  1.0  0.0
0.0  0.0  1.0  0.0
0.0  0.813953488372093  0.186046511627907  0.0
0.186046511627907  0.232558139534884  0.395348837209302  0.186046511627907
0.0  0.813953488372093  0.186046511627907  0.0
0.0  0.186046511627907  0.813953488372093  0.0
0.0465116279069767  0.232558139534884  0.0465116279069767  0.674418604651163

> AP2D_si
0.232558139534884  0.488372093023256  0.232558139534884  0.0465116279069767
0.0  0.0  1.0  0.0
0.0  0.627906976744186  0.186046511627907  0.186046511627907
0.0  1.0  0.0  0.0
0.0  0.604651162790698  0.0  0.395348837209302
0.0  0.0  1.0  0.0
0.395348837209302  0.232558139534884  0.372093023255814  0.0
0.0  0.0  1.0  0.0
0.0  0.0  1.0  0.0
0.0  0.813953488372093  0.186046511627907  0.0
0.186046511627907  0.232558139534884  0.395348837209302  0.186046511627907
0.0  0.813953488372093  0.186046511627907  0.0
0.0  0.186046511627907  0.813953488372093  0.0
0.0465116279069767  0.232558139534884  0.0465116279069767  0.674418604651163

> APEX1_do
0.0799180327868852  0.0799180327868852  0.202868852459016  0.637295081967213
0.0  0.331967213114754  0.44672131147541  0.221311475409836
0.0983606557377049  0.430327868852459  0.471311475409836  0.0
0.901639344262295  0.0  0.0983606557377049  0.0
0.122950819672131  0.0  0.471311475409836  0.405737704918033
0.418032786885246  0.0  0.0  0.581967213114754
0.0  0.790983606557377  0.0983606557377049  0.110655737704918
0.692622950819672  0.0  0.307377049180328  0.0
0.0  0.0  0.692622950819672  0.307377049180328
0.0  0.122950819672131  0.877049180327869  0.0
0.25  0.122950819672131  0.516393442622951  0.110655737704918
0.360655737704918  0.0  0.295081967213115  0.344262295081967
0.0  0.889344262295082  0.0  0.110655737704918
0.122950819672131  0.0  0.209016393442623  0.668032786885246
0.0  0.80327868852459  0.0  0.19672131147541
0.331967213114754  0.668032786885246  0.0  0.0
0.406762295081967  0.36577868852459  0.16905737704918  0.0584016393442623

> APEX1_f1
0.0799180327868853  0.0799180327868853  0.202868852459016  0.637295081967213
0.0  0.331967213114754  0.44672131147541  0.221311475409836
0.0983606557377049  0.430327868852459  0.471311475409836  0.0
0.901639344262295  0.0  0.0983606557377049  0.0
0.122950819672131  0.0  0.471311475409836  0.405737704918033
0.418032786885246  0.0  0.0  0.581967213114754
0.0  0.790983606557377  0.0983606557377049  0.110655737704918
0.692622950819672  0.0  0.307377049180328  0.0
0.0  0.0  0.692622950819672  0.307377049180328
0.0  0.122950819672131  0.877049180327869  0.0
0.25  0.122950819672131  0.516393442622951  0.110655737704918
0.360655737704918  0.0  0.295081967213115  0.344262295081967
0.0  0.889344262295082  0.0  0.110655737704918
0.122950819672131  0.0  0.209016393442623  0.668032786885246
0.0  0.80327868852459  0.0  0.19672131147541
0.331967213114754  0.668032786885246  0.0  0.0
0.406762295081967  0.36577868852459  0.16905737704918  0.0584016393442623

> APEX1_f2
0.0799180327868853  0.0799180327868853  0.202868852459016  0.637295081967213
0.0  0.331967213114754  0.44672131147541  0.221311475409836
0.0983606557377049  0.430327868852459  0.471311475409836  0.0
0.901639344262295  0.0  0.0983606557377049  0.0
0.122950819672131  0.0  0.471311475409836  0.405737704918033
0.418032786885246  0.0  0.0  0.581967213114754
0.0  0.790983606557377  0.0983606557377049  0.110655737704918
0.692622950819672  0.0  0.307377049180328  0.0
0.0  0.0  0.692622950819672  0.307377049180328
0.0  0.122950819672131  0.877049180327869  0.0
0.25  0.122950819672131  0.516393442622951  0.110655737704918
0.360655737704918  0.0  0.295081967213115  0.344262295081967
0.0  0.889344262295082  0.0  0.110655737704918
0.122950819672131  0.0  0.209016393442623  0.668032786885246
0.0  0.80327868852459  0.0  0.19672131147541
0.331967213114754  0.668032786885246  0.0  0.0
0.406762295081967  0.36577868852459  0.16905737704918  0.0584016393442623

> APEX1_si
0.0799180327868852  0.0799180327868852  0.202868852459016  0.637295081967213
0.0  0.331967213114754  0.44672131147541  0.221311475409836
0.0983606557377049  0.430327868852459  0.471311475409836  0.0
0.901639344262295  0.0  0.0983606557377049  0.0
0.122950819672131  0.0  0.471311475409836  0.405737704918033
0.418032786885246  0.0  0.0  0.581967213114754
0.0  0.790983606557377  0.0983606557377049  0.110655737704918
0.692622950819672  0.0  0.307377049180328  0.0
0.0  0.0  0.692622950819672  0.307377049180328
0.0  0.122950819672131  0.877049180327869  0.0
0.25  0.122950819672131  0.516393442622951  0.110655737704918
0.360655737704918  0.0  0.295081967213115  0.344262295081967
0.0  0.889344262295082  0.0  0.110655737704918
0.122950819672131  0.0  0.209016393442623  0.668032786885246
0.0  0.80327868852459  0.0  0.19672131147541
0.331967213114754  0.668032786885246  0.0  0.0
0.406762295081967  0.36577868852459  0.16905737704918  0.0584016393442623

> ARI3A_do
0.390642343594948  0.0963102869008078  0.325827991694345  0.187219377809899
0.681818181818182  0.0909090909090909  0.0  0.227272727272727
0.112513874875959  0.0  0.0  0.887486125124041
0.157968420330504  0.0  0.0  0.842031579669496
0.954545454545454  0.0454545454545454  0.0  0.0
0.932940670578587  0.0670593294214132  0.0  0.0
0.476150238512322  0.0  0.0238497614876777  0.5
0.0  0.409090909090909  0.227272727272727  0.363636363636364
0.29433205669414  0.181818181818182  0.432940670578587  0.0909090909090909
0.5  0.0454545454545454  0.363636363636364  0.0909090909090909
0.454545454545454  0.0454545454545454  0.157968420330504  0.342031579669496
0.729517704793537  0.0  0.0909090909090909  0.179573204297372
0.136363636363636  0.0454545454545454  0.0909090909090909  0.727272727272727
0.160213397851314  0.569304306942223  0.0454545454545454  0.225027749751917
0.727272727272727  0.0  0.0  0.272727272727273
0.751122488760405  0.0454545454545454  0.0  0.20342296578505
0.954545454545454  0.0  0.0  0.0454545454545454
0.409090909090909  0.0  0.0454545454545454  0.545454545454545
0.114758852396769  0.136363636363636  0.0909090909090909  0.657968420330504
0.521604783966868  0.136363636363636  0.0238497614876777  0.318181818181818
0.612513874875959  0.0693043069422232  0.0  0.318181818181818
0.665614593843031  0.00540119599171693  0.0747055029339401  0.254278707231312

> ARI3A_f1
0.604916968915365  0.0532474439345281  0.245990188067957  0.0958453990821505
1.0  0.0  0.0  0.0
0.0  0.0  0.0  1.0
0.0  0.0  0.0  1.0
1.0  0.0  0.0  0.0
1.0  0.0  0.0  0.0
0.82960817940951  0.0  0.0  0.17039182059049

> ARI3A_f2
0.288725423800355  0.0666289439539281  0.0894044326296493  0.555241199616068
0.42254915239929  0.177677183877142  0.0  0.399773663723569
0.332578879078562  0.0888385919385708  0.310935071784998  0.267647457197869
0.733484224184288  0.0444192959692854  0.0444192959692854  0.177677183877142
0.110482399232135  0.0671947846450066  0.0444192959692854  0.777903520153573
0.266515775815712  0.0  0.0227754886757212  0.710708735508567
0.310935071784998  0.0227754886757212  0.0  0.666289439539281
0.399773663723569  0.0  0.222096479846427  0.378129856430004
0.42254915239929  0.0  0.133257887907856  0.444192959692854
0.355354367754283  0.0444192959692854  0.0  0.600226336276432
0.310935071784998  0.0  0.0  0.689064928215002
0.266515775815712  0.0888385919385708  0.0  0.644645632245717
0.15490169520142  0.266515775815712  0.466968448368575  0.111614080614292
0.42254915239929  0.177677183877142  0.310935071784998  0.0888385919385708
0.199320991170706  0.177677183877142  0.133257887907856  0.489743937044296
0.267647457197869  0.0216438072935642  0.0444192959692854  0.666289439539281
0.133257887907856  0.0444192959692854  0.0888385919385708  0.733484224184288
0.0  0.333710560460719  0.0444192959692854  0.621870143569996
0.710708735508567  0.0444192959692854  0.244871968522148  0.0
0.799547327447138  0.0227754886757212  0.0  0.177677183877142
0.0444192959692854  0.0  0.0  0.955580704030715
0.0  0.133257887907856  0.0  0.866742112092144
0.667421120921438  0.0444192959692854  0.133257887907856  0.15490169520142
0.777903520153573  0.0444192959692854  0.0888385919385708  0.0888385919385708
0.316346023608389  0.0498302477926765  0.0942495437619618  0.539574184836973

> ARI3A_si
0.604916968915365  0.0532474439345281  0.245990188067957  0.0958453990821505
1.0  0.0  0.0  0.0
0.0  0.0  0.0  1.0
0.0  0.0  0.0  1.0
1.0  0.0  0.0  0.0
1.0  0.0  0.0  0.0
0.82960817940951  0.0  0.0  0.17039182059049

> ARI5B_do
0.15  0.05  0.15  0.65
0.1  0.0  0.5  0.4
0.1  0.3  0.3  0.3
0.0  0.2  0.6  0.2
0.0  0.1  0.0  0.9
0.4  0.1  0.4  0.1
0.2  0.0  0.4  0.4
0.0  0.0  0.0  1.0
0.7  0.1  0.1  0.1
0.2  0.0  0.0  0.8
0.1  0.0  0.1  0.8
0.3  0.2  0.5  0.0
0.0  0.1  0.0  0.9
0.1  0.1  0.6  0.2

> ARI5B_f1
0.216666666666667  0.0833333333333333  0.35  0.35
0.133333333333333  0.266666666666667  0.4  0.2
0.0  0.266666666666667  0.2  0.533333333333334
0.0  0.133333333333333  0.333333333333333  0.533333333333334
0.333333333333333  0.0666666666666667  0.333333333333333  0.266666666666667
0.2  0.0666666666666667  0.666666666666667  0.0666666666666667
0.0  0.0  0.0  1.0
0.866666666666667  0.0  0.133333333333333  0.0
0.0  0.133333333333333  0.0  0.866666666666667
0.0  0.0666666666666667  0.0666666666666667  0.866666666666667
0.133333333333333  0.266666666666667  0.533333333333333  0.0666666666666667
0.133333333333333  0.0666666666666667  0.266666666666667  0.533333333333334
0.25  0.116666666666667  0.45  0.183333333333333

> ARI5B_f2
0.216666666666667  0.0833333333333333  0.35  0.35
0.133333333333333  0.266666666666667  0.4  0.2
0.0  0.266666666666667  0.2  0.533333333333333
0.0  0.133333333333333  0.333333333333333  0.533333333333333
0.333333333333333  0.0666666666666667  0.333333333333333  0.266666666666667
0.2  0.0666666666666667  0.666666666666667  0.0666666666666667
0.0  0.0  0.0  1.0
0.866666666666667  0.0  0.133333333333333  0.0
0.0  0.133333333333333  0.0  0.866666666666667
0.0  0.0666666666666667  0.0666666666666667  0.866666666666667
0.133333333333333  0.266666666666667  0.533333333333333  0.0666666666666667
0.133333333333333  0.0666666666666667  0.266666666666667  0.533333333333333
0.25  0.116666666666667  0.45  0.183333333333333

> ARI5B_si
0.216666666666667  0.0833333333333333  0.35  0.35
0.133333333333333  0.266666666666667  0.4  0.2
0.0  0.266666666666667  0.2  0.533333333333333
0.0  0.133333333333333  0.333333333333333  0.533333333333333
0.333333333333333  0.0666666666666667  0.333333333333333  0.266666666666667
0.2  0.0666666666666667  0.666666666666667  0.0666666666666667
0.0  0.0  0.0  1.0
0.866666666666667  0.0  0.133333333333333  0.0
0.0  0.133333333333333  0.0  0.866666666666667
0.0  0.0666666666666667  0.0666666666666667  0.866666666666667
0.133333333333333  0.266666666666667  0.533333333333333  0.0666666666666667
0.133333333333333  0.0666666666666667  0.266666666666667  0.533333333333333
0.25  0.116666666666667  0.45  0.183333333333333

> ARNT2_do
0.234662576687117  0.124233128834356  0.29601226993865  0.345092024539877
0.0  0.110429447852761  0.662576687116564  0.226993865030675
0.331288343558282  0.226993865030675  0.386503067484663  0.0552147239263804
0.226993865030675  0.110429447852761  0.386503067484663  0.276073619631902
0.331288343558282  0.110429447852761  0.503067484662577  0.0552147239263804
0.392638036809816  0.110429447852761  0.441717791411043  0.0552147239263804
0.0552147239263804  0.447852760736196  0.276073619631902  0.220858895705521
0.447852760736196  0.165644171779141  0.331288343558282  0.0552147239263804
0.110429447852761  0.0  0.723926380368098  0.165644171779141
0.276073619631902  0.110429447852761  0.503067484662577  0.110429447852761
0.0  0.889570552147239  0.0552147239263804  0.0552147239263804
0.110429447852761  0.386503067484663  0.441717791411043  0.0613496932515337
0.0552147239263804  0.110429447852761  0.392638036809816  0.441717791411043
0.0  0.0  0.607361963190184  0.392638036809816
0.110429447852761  0.0  0.723926380368098  0.165644171779141
0.276073619631902  0.165644171779141  0.441717791411043  0.116564417177914
0.0  0.220858895705521  0.503067484662577  0.276073619631902
