MEME version 4

ALPHABET= ACGT

strands: + -

Background letter frequencies (from
A 0.29182 C 0.20818 G 0.20818 T 0.29182

MOTIF AHR_do
letter-probability matrix: alength= 4 w= 10 nsites= 138 E= 0
 0.186784  0.140661  0.442901  0.229654
 0.278961  0.176443  0.416696  0.127900
 0.265358  0.128892  0.361213  0.244537
 0.042633  0.076264  0.260123  0.620979
 0.119691  0.299345  0.091018  0.489947
 0.004442  0.000000  0.989847  0.005711
 0.000000  0.979060  0.010787  0.010153
 0.004442  0.005711  0.989847  0.000000
 0.000000  0.000000  0.005076  0.994924
 0.001110  0.001110  0.996669  0.001110

MOTIF AHR_f1
letter-probability matrix: alength= 4 w= 11 nsites= 137 E= 0
 0.193828  0.137616  0.447444  0.221112
 0.281822  0.172483  0.416483  0.129212
 0.257182  0.125726  0.370047  0.247045
 0.037942  0.081534  0.267920  0.612604
 0.120918  0.303056  0.081053  0.494972
 0.004487  0.000000  0.995513  0.000000
 0.000000  0.973717  0.010898  0.015385
 0.000000  0.005770  0.994230  0.000000
 0.000000  0.000000  0.005128  0.994872
 0.000000  0.000000  1.000000  0.000000
 0.271356  0.449126  0.104642  0.174877

MOTIF AHR_f2
letter-probability matrix: alength= 4 w= 11 nsites= 137 E= 0
 0.193828  0.137616  0.447444  0.221112
 0.281822  0.172483  0.416483  0.129212
 0.257182  0.125726  0.370047  0.247045
 0.037942  0.081534  0.267920  0.612604
 0.120918  0.303056  0.081053  0.494972
 0.004487  0.000000  0.995513  0.000000
 0.000000  0.973717  0.010898  0.015385
 0.000000  0.005770  0.994230  0.000000
 0.000000  0.000000  0.005128  0.994872
 0.000000  0.000000  1.000000  0.000000
 0.271356  0.449126  0.104642  0.174877

MOTIF AHR_si
letter-probability matrix: alength= 4 w= 9 nsites= 154 E= 0
 0.263145  0.118597  0.366413  0.251844
 0.070652  0.077104  0.225146  0.627098
 0.141055  0.285031  0.134495  0.439419
 0.016540  0.008555  0.947421  0.027484
 0.000000  0.976616  0.009696  0.013688
 0.022350  0.005133  0.970235  0.002281
 0.000000  0.022350  0.004563  0.973087
 0.000000  0.000000  1.000000  0.000000
 0.279810  0.434373  0.104962  0.180854

MOTIF AIRE_do
letter-probability matrix: alength= 4 w= 18 nsites= 41 E= 0
 0.397727  0.261364  0.125000  0.215909
 0.181818  0.181818  0.136364  0.500000
 0.136364  0.136364  0.204545  0.522727
 0.045455  0.000000  0.886364  0.068182
 0.000000  0.000000  0.818182  0.181818
 0.318182  0.045455  0.022727  0.613636
 0.386364  0.090909  0.022727  0.500000
 0.363636  0.136364  0.136364  0.363636
 0.340909  0.068182  0.136364  0.454545
 0.522727  0.090909  0.136364  0.250000
 0.386364  0.045455  0.068182  0.500000
 0.227273  0.136364  0.068182  0.568182
 0.000000  0.022727  0.886364  0.090909
 0.000000  0.000000  0.977273  0.022727
 0.227273  0.090909  0.250000  0.431818
 0.068182  0.181818  0.181818  0.568182
 0.454545  0.022727  0.159091  0.363636
 0.403409  0.267045  0.107955  0.221591

MOTIF AIRE_f1
letter-probability matrix: alength= 4 w= 13 nsites= 48 E= 0
 0.181373  0.142157  0.181373  0.495098
 0.000000  0.000000  0.764706  0.235294
 0.000000  0.000000  0.764706  0.235294
 0.450980  0.019608  0.019608  0.509804
 0.215686  0.039216  0.019608  0.725490
 0.450980  0.117647  0.078431  0.352941
 0.411765  0.039216  0.078431  0.470588
 0.627451  0.098039  0.117647  0.156863
 0.235294  0.039216  0.078431  0.647059
 0.137255  0.117647  0.039216  0.705882
 0.000000  0.000000  1.000000  0.000000
 0.000000  0.019608  0.980392  0.000000
 0.186275  0.147059  0.127451  0.539216

MOTIF AIRE_f2
letter-probability matrix: alength= 4 w= 18 nsites= 41 E= 0
 0.397727  0.261364  0.125000  0.215909
 0.181818  0.181818  0.136364  0.500000
 0.136364  0.136364  0.204545  0.522727
 0.045455  0.000000  0.886364  0.068182
 0.000000  0.000000  0.818182  0.181818
 0.318182  0.045455  0.022727  0.613636
 0.386364  0.090909  0.022727  0.500000
 0.363636  0.136364  0.136364  0.363636
 0.340909  0.068182  0.136364  0.454545
 0.522727  0.090909  0.136364  0.250000
 0.386364  0.045455  0.068182  0.500000
 0.227273  0.136364  0.068182  0.568182
 0.000000  0.022727  0.886364  0.090909
 0.000000  0.000000  0.977273  0.022727
 0.227273  0.090909  0.250000  0.431818
 0.068182  0.181818  0.181818  0.568182
 0.454545  0.022727  0.159091  0.363636
 0.403409  0.267045  0.107955  0.221591

MOTIF AIRE_si
letter-probability matrix: alength= 4 w= 17 nsites= 51 E= 0
 0.143519  0.199074  0.180556  0.476852
 0.018519  0.222222  0.333333  0.425926
 0.074074  0.129630  0.666667  0.129630
 0.203704  0.037037  0.518519  0.240741
 0.148148  0.037037  0.166667  0.648148
 0.296296  0.129630  0.055556  0.518519
 0.444444  0.055556  0.055556  0.444444
 0.055556  0.148148  0.203704  0.592593
 0.777778  0.000000  0.129630  0.092593
 0.407407  0.018519  0.037037  0.537037
 0.037037  0.185185  0.277778  0.500000
 0.055556  0.111111  0.629630  0.203704
 0.111111  0.018519  0.722222  0.148148
 0.055556  0.222222  0.333333  0.388889
 0.296296  0.037037  0.092593  0.574074
 0.425926  0.037037  0.111111  0.425926
 0.578704  0.152778  0.078704  0.189815

MOTIF ALX1_do
letter-probability matrix: alength= 4 w= 22 nsites= 25 E= 0
 0.140000  0.340000  0.420000  0.100000
 0.280000  0.360000  0.280000  0.080000
 0.520000  0.200000  0.120000  0.160000
 0.320000  0.240000  0.080000  0.360000
 0.480000  0.160000  0.280000  0.080000
 0.640000  0.200000  0.080000  0.080000
 0.040000  0.040000  0.000000  0.920000
 0.480000  0.080000  0.160000  0.280000
 0.680000  0.080000  0.120000  0.120000
 0.280000  0.160000  0.040000  0.520000
 0.440000  0.120000  0.080000  0.360000
 0.120000  0.080000  0.240000  0.560000
 0.400000  0.120000  0.120000  0.360000
 0.800000  0.120000  0.000000  0.080000
 0.080000  0.080000  0.240000  0.600000
 0.000000  0.240000  0.160000  0.600000
 0.560000  0.040000  0.280000  0.120000
 0.160000  0.280000  0.440000  0.120000
 0.080000  0.280000  0.160000  0.480000
 0.280000  0.120000  0.240000  0.360000
 0.000000  0.360000  0.560000  0.080000
 0.160000  0.160000  0.520000  0.160000

MOTIF ALX1_f1
letter-probability matrix: alength= 4 w= 18 nsites= 24 E= 0
 0.395833  0.187500  0.354167  0.062500
 0.416667  0.291667  0.083333  0.208333
 0.083333  0.083333  0.041667  0.791667
 0.916667  0.000000  0.041667  0.041667
 0.916667  0.000000  0.000000  0.083333
 0.041667  0.125000  0.000000  0.833333
 0.125000  0.208333  0.291667  0.375000
 0.083333  0.375000  0.083333  0.458333
 0.625000  0.250000  0.125000  0.000000
 0.958333  0.000000  0.041667  0.000000
 0.000000  0.000000  0.000000  1.000000
 0.083333  0.083333  0.000000  0.833333
 0.958333  0.000000  0.041667  0.000000
 0.041667  0.333333  0.375000  0.250000
 0.083333  0.458333  0.333333  0.125000
 0.250000  0.083333  0.333333  0.333333
 0.000000  0.333333  0.458333  0.208333
 0.083333  0.208333  0.416667  0.291667

MOTIF ALX1_f2
letter-probability matrix: alength= 4 w= 22 nsites= 21 E= 0
 0.190476  0.476190  0.190476  0.142857
 0.142857  0.428571  0.428571  0.000000
 0.523810  0.142857  0.142857  0.190476
 0.476190  0.047619  0.333333  0.142857
 0.142857  0.428571  0.047619  0.380952
 0.333333  0.047619  0.000000  0.619048
 0.952381  0.000000  0.047619  0.000000
 0.523810  0.095238  0.000000  0.380952
 0.095238  0.047619  0.190476  0.666667
 0.238095  0.190476  0.285714  0.285714
 0.333333  0.476190  0.047619  0.142857
 0.666667  0.000000  0.142857  0.190476
 0.571429  0.000000  0.047619  0.380952
 0.095238  0.000000  0.000000  0.904762
 0.428571  0.047619  0.000000  0.523810
 0.666667  0.047619  0.142857  0.142857
 0.095238  0.333333  0.285714  0.285714
 0.047619  0.190476  0.428571  0.333333
 0.142857  0.142857  0.380952  0.333333
 0.238095  0.190476  0.333333  0.238095
 0.000000  0.190476  0.523810  0.285714
 0.119048  0.357143  0.357143  0.166667

MOTIF ALX1_si
letter-probability matrix: alength= 4 w= 12 nsites= 31 E= 0
 0.436833  0.209075  0.273132  0.080961
 0.064057  0.096085  0.000000  0.839858
 0.772242  0.032028  0.099644  0.096085
 0.868327  0.064057  0.000000  0.067616
 0.000000  0.096085  0.000000  0.903915
 0.032028  0.227758  0.128114  0.612100
 0.483986  0.000000  0.516014  0.000000
 0.355872  0.256228  0.355872  0.032028
 0.775801  0.000000  0.128114  0.096085
 0.099644  0.000000  0.032028  0.868327
 0.064057  0.032028  0.032028  0.871886
 0.829181  0.056940  0.056940  0.056940

MOTIF ANDR_do
letter-probability matrix: alength= 4 w= 16 nsites= 130 E= 0
 0.310296  0.036101  0.560717  0.092886
 0.056212  0.034048  0.909740  0.000000
 0.420177  0.000000  0.232710  0.347112
 0.760226  0.005684  0.094107  0.139982
 0.015790  0.950736  0.027159  0.006316
 0.726294  0.036001  0.107771  0.129934
 0.090002  0.272642  0.385698  0.251658
 0.319496  0.193036  0.329486  0.157982
 0.395803  0.093360  0.310538  0.200299
 0.172999  0.253063  0.051733  0.522206
 0.018000  0.045475  0.925156  0.011369
 0.102260  0.014527  0.095886  0.787327
 0.244710  0.017053  0.289180  0.449057
 0.134355  0.800906  0.019264  0.045475
 0.083944  0.273074  0.056785  0.586196
 0.244021  0.119255  0.191515  0.445209

MOTIF ANDR_f1
letter-probability matrix: alength= 4 w= 16 nsites= 129 E= 0
 0.382620  0.049805  0.462565  0.105010
 0.052722  0.025032  0.876569  0.045676
 0.411522  0.118291  0.199104  0.271083
 0.758856  0.039383  0.066061  0.135700
 0.015880  0.970463  0.012069  0.001588
 0.657197  0.030490  0.167662  0.144652
 0.142545  0.242557  0.328511  0.286387
 0.478620  0.001588  0.518204  0.001588
 0.363506  0.124701  0.360472  0.151321
 0.135875  0.195235  0.057745  0.611145
 0.028584  0.038747  0.915518  0.017151
 0.095222  0.020962  0.080554  0.803262
 0.324123  0.052722  0.166190  0.456965
 0.084366  0.820989  0.028584  0.066061
 0.062827  0.383774  0.050758  0.502641
 0.183341  0.165873  0.237910  0.412877

MOTIF ANDR_f2
letter-probability matrix: alength= 4 w= 16 nsites= 129 E= 0
 0.382620  0.049805  0.462565  0.105010
 0.052722  0.025032  0.876569  0.045676
 0.411522  0.118291  0.199104  0.271083
 0.758856  0.039383  0.066061  0.135700
 0.015880  0.970463  0.012069  0.001588
 0.657197  0.030490  0.167662  0.144652
 0.142545  0.242557  0.328511  0.286387
 0.478620  0.001588  0.518204  0.001588
 0.363506  0.124701  0.360472  0.151321
 0.135875  0.195235  0.057745  0.611145
 0.028584  0.038747  0.915518  0.017151
 0.095222  0.020962  0.080554  0.803262
 0.324123  0.052722  0.166190  0.456965
 0.084366  0.820989  0.028584  0.066061
 0.062827  0.383774  0.050758  0.502641
 0.183341  0.165873  0.237910  0.412877

MOTIF ANDR_si
letter-probability matrix: alength= 4 w= 8 nsites= 92 E= 0
 0.428104  0.143570  0.196645  0.231681
 0.716552  0.000000  0.283448  0.000000
 0.000000  0.000000  1.000000  0.000000
 0.629328  0.120930  0.098655  0.151087
 0.991130  0.000000  0.000000  0.008870
 0.000000  1.000000  0.000000  0.000000
 0.871975  0.000000  0.064063  0.063963
 0.116860  0.342953  0.184471  0.355715

MOTIF AP2A_do
letter-probability matrix: alength= 4 w= 12 nsites= 1871 E= 0
 0.393179  0.263977  0.211228  0.131616
 0.132380  0.143607  0.187555  0.536459
 0.129397  0.156126  0.608152  0.106325
 0.010817  0.583788  0.390802  0.014592
 0.008094  0.943982  0.024233  0.023691
 0.008951  0.886349  0.023090  0.081611
 0.073985  0.137547  0.150779  0.637689
 0.050905  0.291081  0.617428  0.040585
 0.445725  0.086320  0.452599  0.015356
 0.058011  0.016065  0.921021  0.004903
 0.017140  0.022289  0.959822  0.000749
 0.050362  0.659177  0.249023  0.041438

MOTIF AP2A_f1
letter-probability matrix: alength= 4 w= 9 nsites= 1903 E= 0
 0.012307  0.398052  0.562144  0.027497
 0.007263  0.936981  0.040726  0.015030
 0.011771  0.920113  0.030257  0.037858
 0.031729  0.214503  0.088694  0.665075
 0.000000  0.000000  0.902354  0.097646
 0.424035  0.151609  0.388969  0.035387
 0.074690  0.015291  0.905086  0.004933
 0.014345  0.016055  0.969245  0.000355
 0.066660  0.540120  0.361058  0.032162

MOTIF AP2A_f2
letter-probability matrix: alength= 4 w= 9 nsites= 1930 E= 0
 0.015582  0.396064  0.561151  0.027203
 0.006257  0.927819  0.050291  0.015633
 0.013111  0.906438  0.042109  0.038342
 0.033848  0.217045  0.087782  0.661324
 0.000000  0.000000  0.902865  0.097135
 0.425715  0.153777  0.384476  0.036032
 0.075047  0.015491  0.904542  0.004920
 0.019848  0.014785  0.963491  0.001875
 0.065472  0.536622  0.361857  0.036050

MOTIF AP2A_si
letter-probability matrix: alength= 4 w= 9 nsites= 1930 E= 0
 0.015582  0.396222  0.557967  0.030229
 0.007266  0.927279  0.050352  0.015103
 0.012408  0.907952  0.042170  0.037470
 0.032794  0.217045  0.087782  0.662379
 0.000000  0.000000  0.902336  0.097664
 0.430050  0.153777  0.386684  0.029489
 0.078638  0.015491  0.900908  0.004963
 0.019810  0.014785  0.962857  0.002548
 0.066228  0.537789  0.360247  0.035736

MOTIF AP2B_do
letter-probability matrix: alength= 4 w= 22 nsites= 21 E= 0
 0.251302  0.194010  0.162760  0.391927
 0.234375  0.145833  0.427083  0.192708
 0.046875  0.656250  0.151042  0.145833
 0.291667  0.000000  0.177083  0.531250
 0.239583  0.140625  0.473958  0.145833
 0.244792  0.046875  0.416667  0.291667
 0.000000  0.244792  0.656250  0.098958
 0.011719  0.444010  0.485677  0.058594
 0.000000  0.817708  0.135417  0.046875
 0.234375  0.619792  0.052083  0.093750
 0.151042  0.333333  0.286458  0.229167
 0.000000  0.286458  0.562500  0.151042
 0.239583  0.140625  0.619792  0.000000
 0.000000  0.093750  0.906250  0.000000
 0.000000  0.145833  0.854167  0.000000
 0.479167  0.234375  0.046875  0.239583
 0.244792  0.135417  0.619792  0.000000
 0.098958  0.145833  0.557292  0.197917
 0.000000  0.317708  0.239583  0.442708
 0.000000  0.328125  0.578125  0.093750
 0.380208  0.291667  0.187500  0.140625
 0.088542  0.328125  0.453125  0.130208

MOTIF AP2B_f1
letter-probability matrix: alength= 4 w= 10 nsites= 28 E= 0
 0.039526  0.000000  0.782609  0.177866
 0.000000  0.648221  0.245059  0.106719
 0.000000  0.964427  0.000000  0.035573
 0.114625  0.573123  0.000000  0.312253
 0.075099  0.035573  0.889328  0.000000
 0.328063  0.316206  0.355731  0.000000
 0.071146  0.035573  0.853755  0.039526
 0.000000  0.000000  1.000000  0.000000
 0.190711  0.123518  0.676877  0.008893
 0.222332  0.447628  0.253953  0.076087

MOTIF AP2B_f2
letter-probability matrix: alength= 4 w= 24 nsites= 21 E= 0
 0.047120  0.094241  0.340314  0.518325
 0.089005  0.371728  0.387435  0.151832
 0.151832  0.329843  0.000000  0.518325
 0.193717  0.287958  0.471204  0.047120
 0.193717  0.617801  0.188482  0.000000
 0.198953  0.047120  0.324607  0.429319
 0.188482  0.146597  0.471204  0.193717
 0.047120  0.146597  0.560209  0.246073
 0.000000  0.450262  0.502618  0.047120
 0.011780  0.592932  0.336387  0.058901
 0.000000  0.675393  0.136126  0.188482
 0.240838  0.476440  0.188482  0.094241
 0.000000  0.282723  0.486911  0.230366
 0.000000  0.329843  0.518325  0.151832
 0.282723  0.141361  0.528796  0.047120
 0.000000  0.146597  0.753927  0.099476
 0.000000  0.298429  0.654450  0.047120
 0.424084  0.193717  0.000000  0.382199
 0.193717  0.047120  0.654450  0.104712
 0.293194  0.000000  0.424084  0.282723
 0.047120  0.523560  0.188482  0.240838
 0.047120  0.382199  0.387435  0.183246
 0.235602  0.429319  0.141361  0.193717
 0.112565  0.248691  0.431937  0.206806

MOTIF AP2B_si
letter-probability matrix: alength= 4 w= 10 nsites= 26 E= 0
 0.042373  0.038136  0.800847  0.118644
 0.000000  0.851695  0.033898  0.114407
 0.000000  0.961864  0.000000  0.038136
 0.084746  0.690678  0.000000  0.224576
 0.118644  0.000000  0.881356  0.000000
 0.427966  0.338983  0.233051  0.000000
 0.076271  0.038136  0.843220  0.042373
 0.000000  0.000000  1.000000  0.000000
 0.204449  0.289195  0.496822  0.009534
 0.118644  0.470339  0.300847  0.110169

MOTIF AP2C_do
letter-probability matrix: alength= 4 w= 11 nsites= 1595 E= 0
 0.192992  0.018269  0.179942  0.608797
 0.117897  0.066845  0.738994  0.076264
 0.034943  0.569098  0.391677  0.004282
 0.011014  0.965962  0.000385  0.022640
 0.014859  0.792713  0.000826  0.191602
 0.094643  0.215715  0.198895  0.490747
 0.100544  0.499765  0.385030  0.014661
 0.622426  0.060784  0.310435  0.006356
 0.003657  0.000135  0.996041  0.000167
 0.030543  0.008504  0.960883  6.9e-050
 0.048728  0.657510  0.288620  0.005142

MOTIF AP2C_f1
letter-probability matrix: alength= 4 w= 9 nsites= 1599 E= 0
 0.001695  0.381998  0.601066  0.015241
 0.000526  0.983208  0.000409  0.015857
 0.015869  0.980181  0.000138  0.003812
 0.010008  0.238070  0.022214  0.729708
 0.007925  0.000000  0.885965  0.106110
 0.363234  0.206686  0.393107  0.036973
 0.196991  0.000370  0.801884  0.000755
 0.019826  0.000356  0.978383  0.001435
 0.047593  0.558463  0.356838  0.037105

MOTIF AP2C_f2
letter-probability matrix: alength= 4 w= 13 nsites= 1557 E= 0
 0.210507  0.246372  0.100409  0.442713
 0.186226  0.174277  0.436138  0.203360
 0.003862  0.456644  0.531152  0.008342
 0.000467  0.997680  0.000509  0.001345
 0.013954  0.973386  0.000000  0.012660
 0.032666  0.225938  0.048248  0.693147
 0.000000  0.000000  0.863738  0.136262
 0.393715  0.192878  0.382711  0.030696
 0.168393  7.9e-050  0.830766  0.000763
 0.016636  0.009030  0.973733  0.000602
 0.050208  0.569204  0.347440  0.033148
 0.168704  0.449306  0.166205  0.215785
 0.503145  0.179284  0.183860  0.133710

MOTIF AP2C_si
letter-probability matrix: alength= 4 w= 9 nsites= 1596 E= 0
 0.001505  0.383796  0.599464  0.015235
 0.000472  0.983145  0.000628  0.015755
 0.015349  0.982000  0.000138  0.002513
 0.010077  0.241196  0.021527  0.727199
 0.007939  0.000000  0.889153  0.102908
 0.362705  0.203931  0.393798  0.039566
 0.195457  0.000447  0.803340  0.000756
 0.019575  0.000357  0.978906  0.001162
 0.047565  0.556810  0.358199  0.037426

MOTIF AP2D_do
letter-probability matrix: alength= 4 w= 14 nsites= 5 E= 0
 0.232558  0.488372  0.232558  0.046512
 0.000000  0.000000  1.000000  0.000000
 0.000000  0.627907  0.186047  0.186047
 0.000000  1.000000  0.000000  0.000000
 0.000000  0.604651  0.000000  0.395349
 0.000000  0.000000  1.000000  0.000000
 0.395349  0.232558  0.372093  0.000000
 0.000000  0.000000  1.000000  0.000000
 0.000000  0.000000  1.000000  0.000000
 0.000000  0.813953  0.186047  0.000000
 0.186047  0.232558  0.395349  0.186047
 0.000000  0.813953  0.186047  0.000000
 0.000000  0.186047  0.813953  0.000000
 0.046512  0.232558  0.046512  0.674419

MOTIF AP2D_f1
letter-probability matrix: alength= 4 w= 14 nsites= 5 E= 0
 0.232558  0.488372  0.232558  0.046512
 0.000000  0.000000  1.000000  0.000000
 0.000000  0.627907  0.186047  0.186047
 0.000000  1.000000  0.000000  0.000000
 0.000000  0.604651  0.000000  0.395349
 0.000000  0.000000  1.000000  0.000000
 0.395349  0.232558  0.372093  0.000000
 0.000000  0.000000  1.000000  0.000000
 0.000000  0.000000  1.000000  0.000000
 0.000000  0.813953  0.186047  0.000000
 0.186047  0.232558  0.395349  0.186047
 0.000000  0.813953  0.186047  0.000000
 0.000000  0.186047  0.813953  0.000000
 0.046512  0.232558  0.046512  0.674419

MOTIF AP2D_f2
letter-probability matrix: alength= 4 w= 14 nsites= 5 E= 0
 0.232558  0.488372  0.232558  0.046512
 0.000000  0.000000  1.000000  0.000000
 0.000000  0.627907  0.186047  0.186047
 0.000000  1.000000  0.000000  0.000000
 0.000000  0.604651  0.000000  0.395349
 0.000000  0.000000  1.000000  0.000000
 0.395349  0.232558  0.372093  0.000000
 0.000000  0.000000  1.000000  0.000000
 0.000000  0.000000  1.000000  0.000000
 0.000000  0.813953  0.186047  0.000000
 0.186047  0.232558  0.395349  0.186047
 0.000000  0.813953  0.186047  0.000000
 0.000000  0.186047  0.813953  0.000000
 0.046512  0.232558  0.046512  0.674419

MOTIF AP2D_si
letter-probability matrix: alength= 4 w= 14 nsites= 5 E= 0
 0.232558  0.488372  0.232558  0.046512
 0.000000  0.000000  1.000000  0.000000
 0.000000  0.627907  0.186047  0.186047
 0.000000  1.000000  0.000000  0.000000
 0.000000  0.604651  0.000000  0.395349
 0.000000  0.000000  1.000000  0.000000
 0.395349  0.232558  0.372093  0.000000
 0.000000  0.000000  1.000000  0.000000
 0.000000  0.000000  1.000000  0.000000
 0.000000  0.813953  0.186047  0.000000
 0.186047  0.232558  0.395349  0.186047
 0.000000  0.813953  0.186047  0.000000
 0.000000  0.186047  0.813953  0.000000
 0.046512  0.232558  0.046512  0.674419

MOTIF APEX1_do
letter-probability matrix: alength= 4 w= 17 nsites= 8 E= 0
 0.079918  0.079918  0.202869  0.637295
 0.000000  0.331967  0.446721  0.221311
 0.098361  0.430328  0.471311  0.000000
 0.901639  0.000000  0.098361  0.000000
 0.122951  0.000000  0.471311  0.405738
 0.418033  0.000000  0.000000  0.581967
 0.000000  0.790984  0.098361  0.110656
 0.692623  0.000000  0.307377  0.000000
 0.000000  0.000000  0.692623  0.307377
 0.000000  0.122951  0.877049  0.000000
 0.250000  0.122951  0.516393  0.110656
 0.360656  0.000000  0.295082  0.344262
 0.000000  0.889344  0.000000  0.110656
 0.122951  0.000000  0.209016  0.668033
 0.000000  0.803279  0.000000  0.196721
 0.331967  0.668033  0.000000  0.000000
 0.406762  0.365779  0.169057  0.058402

MOTIF APEX1_f1
letter-probability matrix: alength= 4 w= 17 nsites= 8 E= 0
 0.079918  0.079918  0.202869  0.637295
 0.000000  0.331967  0.446721  0.221311
 0.098361  0.430328  0.471311  0.000000
 0.901639  0.000000  0.098361  0.000000
 0.122951  0.000000  0.471311  0.405738
 0.418033  0.000000  0.000000  0.581967
 0.000000  0.790984  0.098361  0.110656
 0.692623  0.000000  0.307377  0.000000
 0.000000  0.000000  0.692623  0.307377
 0.000000  0.122951  0.877049  0.000000
 0.250000  0.122951  0.516393  0.110656
 0.360656  0.000000  0.295082  0.344262
 0.000000  0.889344  0.000000  0.110656
 0.122951  0.000000  0.209016  0.668033
 0.000000  0.803279  0.000000  0.196721
 0.331967  0.668033  0.000000  0.000000
 0.406762  0.365779  0.169057  0.058402

MOTIF APEX1_f2
letter-probability matrix: alength= 4 w= 17 nsites= 8 E= 0
 0.079918  0.079918  0.202869  0.637295
 0.000000  0.331967  0.446721  0.221311
 0.098361  0.430328  0.471311  0.000000
 0.901639  0.000000  0.098361  0.000000
 0.122951  0.000000  0.471311  0.405738
 0.418033  0.000000  0.000000  0.581967
 0.000000  0.790984  0.098361  0.110656
 0.692623  0.000000  0.307377  0.000000
 0.000000  0.000000  0.692623  0.307377
 0.000000  0.122951  0.877049  0.000000
 0.250000  0.122951  0.516393  0.110656
 0.360656  0.000000  0.295082  0.344262
 0.000000  0.889344  0.000000  0.110656
 0.122951  0.000000  0.209016  0.668033
 0.000000  0.803279  0.000000  0.196721
 0.331967  0.668033  0.000000  0.000000
 0.406762  0.365779  0.169057  0.058402

MOTIF APEX1_si
letter-probability matrix: alength= 4 w= 17 nsites= 8 E= 0
 0.079918  0.079918  0.202869  0.637295
 0.000000  0.331967  0.446721  0.221311
 0.098361  0.430328  0.471311  0.000000
 0.901639  0.000000  0.098361  0.000000
 0.122951  0.000000  0.471311  0.405738
 0.418033  0.000000  0.000000  0.581967
 0.000000  0.790984  0.098361  0.110656
 0.692623  0.000000  0.307377  0.000000
 0.000000  0.000000  0.692623  0.307377
 0.000000  0.122951  0.877049  0.000000
 0.250000  0.122951  0.516393  0.110656
 0.360656  0.000000  0.295082  0.344262
 0.000000  0.889344  0.000000  0.110656
 0.122951  0.000000  0.209016  0.668033
 0.000000  0.803279  0.000000  0.196721
 0.331967  0.668033  0.000000  0.000000
 0.406762  0.365779  0.169057  0.058402

MOTIF ARI3A_do
letter-probability matrix: alength= 4 w= 22 nsites= 44 E= 0
 0.390642  0.096310  0.325828  0.187219
 0.681818  0.090909  0.000000  0.227273
 0.112514  0.000000  0.000000  0.887486
 0.157968  0.000000  0.000000  0.842032
 0.954545  0.045455  0.000000  0.000000
 0.932941  0.067059  0.000000  0.000000
 0.476150  0.000000  0.023850  0.500000
 0.000000  0.409091  0.227273  0.363636
 0.294332  0.181818  0.432941  0.090909
 0.500000  0.045455  0.363636  0.090909
 0.454545  0.045455  0.157968  0.342032
 0.729518  0.000000  0.090909  0.179573
 0.136364  0.045455  0.090909  0.727273
 0.160213  0.569304  0.045455  0.225028
 0.727273  0.000000  0.000000  0.272727
 0.751122  0.045455  0.000000  0.203423
 0.954545  0.000000  0.000000  0.045455
 0.409091  0.000000  0.045455  0.545455
 0.114759  0.136364  0.090909  0.657968
 0.521605  0.136364  0.023850  0.318182
 0.612514  0.069304  0.000000  0.318182
 0.665615  0.005401  0.074706  0.254279

MOTIF ARI3A_f1
letter-probability matrix: alength= 4 w= 7 nsites= 47 E= 0
 0.604917  0.053247  0.245990  0.095845
 1.000000  0.000000  0.000000  0.000000
 0.000000  0.000000  0.000000  1.000000
 0.000000  0.000000  0.000000  1.000000
 1.000000  0.000000  0.000000  0.000000
 1.000000  0.000000  0.000000  0.000000
 0.829608  0.000000  0.000000  0.170392

MOTIF ARI3A_f2
letter-probability matrix: alength= 4 w= 25 nsites= 45 E= 0
 0.288725  0.066629  0.089404  0.555241
 0.422549  0.177677  0.000000  0.399774
 0.332579  0.088839  0.310935  0.267647
 0.733484  0.044419  0.044419  0.177677
 0.110482  0.067195  0.044419  0.777904
 0.266516  0.000000  0.022775  0.710709
 0.310935  0.022775  0.000000  0.666289
 0.399774  0.000000  0.222096  0.378130
 0.422549  0.000000  0.133258  0.444193
 0.355354  0.044419  0.000000  0.600226
 0.310935  0.000000  0.000000  0.689065
 0.266516  0.088839  0.000000  0.644646
 0.154902  0.266516  0.466968  0.111614
 0.422549  0.177677  0.310935  0.088839
 0.199321  0.177677  0.133258  0.489744
 0.267647  0.021644  0.044419  0.666289
 0.133258  0.044419  0.088839  0.733484
 0.000000  0.333711  0.044419  0.621870
 0.710709  0.044419  0.244872  0.000000
 0.799547  0.022775  0.000000  0.177677
 0.044419  0.000000  0.000000  0.955581
 0.000000  0.133258  0.000000  0.866742
 0.667421  0.044419  0.133258  0.154902
 0.777904  0.044419  0.088839  0.088839
 0.316346  0.049830  0.094250  0.539574

MOTIF ARI3A_si
letter-probability matrix: alength= 4 w= 7 nsites= 47 E= 0
 0.604917  0.053247  0.245990  0.095845
 1.000000  0.000000  0.000000  0.000000
 0.000000  0.000000  0.000000  1.000000
 0.000000  0.000000  0.000000  1.000000
 1.000000  0.000000  0.000000  0.000000
 1.000000  0.000000  0.000000  0.000000
 0.829608  0.000000  0.000000  0.170392

MOTIF ARI5B_do
letter-probability matrix: alength= 4 w= 14 nsites= 10 E= 0
 0.150000  0.050000  0.150000  0.650000
 0.100000  0.000000  0.500000  0.400000
 0.100000  0.300000  0.300000  0.300000
 0.000000  0.200000  0.600000  0.200000
 0.000000  0.100000  0.000000  0.900000
 0.400000  0.100000  0.400000  0.100000
 0.200000  0.000000  0.400000  0.400000
 0.000000  0.000000  0.000000  1.000000
 0.700000  0.100000  0.100000  0.100000
 0.200000  0.000000  0.000000  0.800000
 0.100000  0.000000  0.100000  0.800000
 0.300000  0.200000  0.500000  0.000000
 0.000000  0.100000  0.000000  0.900000
 0.100000  0.100000  0.600000  0.200000

MOTIF ARI5B_f1
letter-probability matrix: alength= 4 w= 13 nsites= 15 E= 0
 0.216667  0.083333  0.350000  0.350000
 0.133333  0.266667  0.400000  0.200000
 0.000000  0.266667  0.200000  0.533333
 0.000000  0.133333  0.333333  0.533333
 0.333333  0.066667  0.333333  0.266667
 0.200000  0.066667  0.666667  0.066667
 0.000000  0.000000  0.000000  1.000000
 0.866667  0.000000  0.133333  0.000000
 0.000000  0.133333  0.000000  0.866667
 0.000000  0.066667  0.066667  0.866667
 0.133333  0.266667  0.533333  0.066667
 0.133333  0.066667  0.266667  0.533333
 0.250000  0.116667  0.450000  0.183333

MOTIF ARI5B_f2
letter-probability matrix: alength= 4 w= 13 nsites= 15 E= 0
 0.216667  0.083333  0.350000  0.350000
 0.133333  0.266667  0.400000  0.200000
 0.000000  0.266667  0.200000  0.533333
 0.000000  0.133333  0.333333  0.533333
 0.333333  0.066667  0.333333  0.266667
 0.200000  0.066667  0.666667  0.066667
 0.000000  0.000000  0.000000  1.000000
 0.866667  0.000000  0.133333  0.000000
 0.000000  0.133333  0.000000  0.866667
 0.000000  0.066667  0.066667  0.866667
 0.133333  0.266667  0.533333  0.066667
 0.133333  0.066667  0.266667  0.533333
 0.250000  0.116667  0.450000  0.183333

MOTIF ARI5B_si
letter-probability matrix: alength= 4 w= 13 nsites= 15 E= 0
 0.216667  0.083333  0.350000  0.350000
 0.133333  0.266667  0.400000  0.200000
 0.000000  0.266667  0.200000  0.533333
 0.000000  0.133333  0.333333  0.533333
 0.333333  0.066667  0.333333  0.266667
 0.200000  0.066667  0.666667  0.066667
 0.000000  0.000000  0.000000  1.000000
 0.866667  0.000000  0.133333  0.000000
 0.000000  0.133333  0.000000  0.866667
 0.000000  0.066667  0.066667  0.866667
 0.133333  0.266667  0.533333  0.066667
 0.133333  0.066667  0.266667  0.533333
 0.250000  0.116667  0.450000  0.183333

MOTIF ARNT2_do
letter-probability matrix: alength= 4 w= 25 nsites= 18 E= 0
 0.234663  0.124233  0.296012  0.345092
 0.000000  0.110429  0.662577  0.226994
 0.331288  0.226994  0.386503  0.055215
 0.226994  0.110429  0.386503  0.276074
 0.331288  0.110429  0.503067  0.055215
 0.392638  0.110429  0.441718  0.055215
 0.055215  0.447853  0.276074  0.220859
 0.447853  0.165644  0.331288  0.055215
 0.110429  0.000000  0.723926  0.165644
 0.276074  0.110429  0.503067  0.110429
 0.000000  0.889571  0.055215  0.055215
 0.110429  0.386503  0.441718  0.061350
 0.055215  0.110429  0.392638  0.441718
 0.000000  0.000000  0.607362  0.392638
 0.110429  0.000000  0.723926  0.165644
 0.276074  0.165644  0.441718  0.116564
 0.000000  0.220859  0.503067  0.276074
 0.226994  0.165644  0.386503  0.220859
 0.110429  0.165644  0.613497  0.110429
 0.337423  0.386503  0.055215  0.220859
 0.165644  0.282209  0.386503  0.165644
 0.392638  0.220859  0.276074  0.110429
 0.276074  0.055215  0.558282  0.110429
 0.110429  0.171779  0.276074  0.441718
 0.199387  0.193252  0.469325  0.138037

MOTIF ARNT2_f1
letter-probability matrix: alength= 4 w= 21 nsites= 11 E= 0
 0.157500  0.247500  0.437500  0.157500
 0.180000  0.090000  0.270000  0.460000
 0.000000  0.180000  0.820000  0.000000
 0.540000  0.090000  0.180000  0.190000
 0.180000  0.000000  0.730000  0.090000
 0.460000  0.270000  0.270000  0.000000
 0.360000  0.270000  0.370000  0.000000
 0.100000  0.450000  0.180000  0.270000
 0.270000  0.190000  0.450000  0.090000
 0.370000  0.000000  0.630000  0.000000
 0.180000  0.090000  0.460000  0.270000
 0.000000  1.000000  0.000000  0.000000
 0.100000  0.000000  0.900000  0.000000
 0.000000  0.190000  0.000000  0.810000
 0.000000  0.000000  1.000000  0.000000
 0.000000  0.000000  0.810000  0.190000
 0.280000  0.180000  0.360000  0.180000
 0.180000  0.000000  0.550000  0.270000
 0.000000  0.000000  0.820000  0.180000
 0.090000  0.090000  0.730000  0.090000
 0.270000  0.460000  0.270000  0.000000

MOTIF ARNT2_f2
letter-probability matrix: alength= 4 w= 21 nsites= 11 E= 0
 0.157500  0.247500  0.437500  0.157500
 0.180000  0.090000  0.270000  0.460000
 0.000000  0.180000  0.820000  0.000000
 0.540000  0.090000  0.180000  0.190000
 0.180000  0.000000  0.730000  0.090000
 0.460000  0.270000  0.270000  0.000000
 0.360000  0.270000  0.370000  0.000000
 0.100000  0.450000  0.180000  0.270000
 0.270000  0.190000  0.450000  0.090000
 0.370000  0.000000  0.630000  0.000000
 0.180000  0.090000  0.460000  0.270000
 0.000000  1.000000  0.000000  0.000000
 0.100000  0.000000  0.900000  0.000000
 0.000000  0.190000  0.000000  0.810000
 0.000000  0.000000  1.000000  0.000000
 0.000000  0.000000  0.810000  0.190000
 0.280000  0.180000  0.360000  0.180000
 0.180000  0.000000  0.550000  0.270000
 0.000000  0.000000  0.820000  0.180000
 0.090000  0.090000  0.730000  0.090000
 0.270000  0.460000  0.270000  0.000000

MOTIF ARNT2_si
letter-probability matrix: alength= 4 w= 12 nsites= 18 E= 0
 0.193252  0.082822  0.585890  0.138037
 0.165644  0.282209  0.331288  0.220859
 0.000000  0.662577  0.220859  0.116564
 0.000000  0.055215  0.944785  0.000000
 0.000000  0.000000  0.055215  0.944785
 0.000000  0.055215  0.944785  0.000000
 0.055215  0.000000  0.883436  0.061350
 0.165644  0.331288  0.392638  0.110429
 0.558282  0.000000  0.276074  0.165644
 0.000000  0.331288  0.558282  0.110429
 0.392638  0.000000  0.496933  0.110429
 0.138037  0.585890  0.193252  0.082822

MOTIF ARNT_do
letter-probability matrix: alength= 4 w= 8 nsites= 220 E= 0
 0.207812  0.220480  0.429187  0.142521
 0.250008  0.196253  0.413140  0.140600
 0.050401  0.082305  0.409874  0.457420
 0.000000  0.949423  0.000000  0.050577
 0.767715  0.000000  0.232285  0.000000
 0.000000  1.000000  0.000000  0.000000
 0.000000  0.000000  1.000000  0.000000
 0.001073  0.001073  0.001073  0.996780

MOTIF ARNT_f1
letter-probability matrix: alength= 4 w= 8 nsites= 268 E= 0
 0.102878  0.246461  0.236648  0.414013
 0.047053  0.519386  0.061613  0.371948
 0.543562  0.000000  0.456438  0.000000
 0.000000  1.000000  0.000000  0.000000
 0.000000  0.000000  1.000000  0.000000
 0.000000  0.000000  0.000000  1.000000
 0.000000  0.000000  1.000000  0.000000
 0.187799  0.553092  0.053383  0.205726

MOTIF ARNT_f2
letter-probability matrix: alength= 4 w= 8 nsites= 268 E= 0
 0.102878  0.246461  0.236648  0.414013
 0.047053  0.519386  0.061613  0.371948
 0.543562  0.000000  0.456438  0.000000
 0.000000  1.000000  0.000000  0.000000
 0.000000  0.000000  1.000000  0.000000
 0.000000  0.000000  0.000000  1.000000
 0.000000  0.000000  1.000000  0.000000
 0.187799  0.553092  0.053383  0.205726

MOTIF ARNT_si
letter-probability matrix: alength= 4 w= 8 nsites= 268 E= 0
 0.102878  0.246461  0.236648  0.414013
 0.047053  0.519386  0.061613  0.371948
 0.543562  0.000000  0.456438  0.000000
 0.000000  1.000000  0.000000  0.000000
 0.000000  0.000000  1.000000  0.000000
 0.000000  0.000000  0.000000  1.000000
 0.000000  0.000000  1.000000  0.000000
 0.187799  0.553092  0.053383  0.205726

MOTIF ATF1_do
letter-probability matrix: alength= 4 w= 12 nsites= 50 E= 0
 0.332041  0.308786  0.308786  0.050388
 0.000000  0.000000  0.000000  1.000000
 0.000000  0.020672  0.943152  0.036176
 1.000000  0.000000  0.000000  0.000000
 0.000000  0.958656  0.041344  0.000000
 0.041344  0.000000  0.937984  0.020672
 0.080103  0.186047  0.041344  0.692506
 0.157623  0.436693  0.302326  0.103359
 0.604651  0.167959  0.180879  0.046512
 0.248062  0.397933  0.209302  0.144703
 0.105943  0.488372  0.240310  0.165375
 0.127261  0.372739  0.393411  0.106589

MOTIF ATF1_f1
letter-probability matrix: alength= 4 w= 10 nsites= 33 E= 0
 0.315945  0.319882  0.351378  0.012795
 0.000000  0.000000  0.000000  1.000000
 0.000000  0.000000  1.000000  0.000000
 1.000000  0.000000  0.000000  0.000000
 0.000000  0.968504  0.031496  0.000000
 0.031496  0.000000  0.968504  0.000000
 0.019685  0.041339  0.000000  0.938976
 0.084646  0.580709  0.240157  0.094488
 0.734252  0.161417  0.064961  0.039370
 0.199803  0.404528  0.306102  0.089567

MOTIF ATF1_f2
letter-probability matrix: alength= 4 w= 12 nsites= 50 E= 0
 0.332041  0.308786  0.308786  0.050388
 0.000000  0.000000  0.000000  1.000000
 0.000000  0.020672  0.943152  0.036176
 1.000000  0.000000  0.000000  0.000000
 0.000000  0.958656  0.041344  0.000000
 0.041344  0.000000  0.937984  0.020672
 0.080103  0.186047  0.041344  0.692506
 0.157623  0.436693  0.302326  0.103359
 0.604651  0.167959  0.180879  0.046512
 0.248062  0.397933  0.209302  0.144703
 0.105943  0.488372  0.240310  0.165375
 0.127261  0.372739  0.393411  0.106589

MOTIF ATF1_si
letter-probability matrix: alength= 4 w= 10 nsites= 34 E= 0
 0.306298  0.340649  0.340649  0.012405
 0.000000  0.000000  0.000000  1.000000
 0.000000  0.000000  1.000000  0.000000
 1.000000  0.000000  0.000000  0.000000
 0.000000  0.969466  0.030534  0.000000
 0.030534  0.000000  0.969466  0.000000
 0.019084  0.070611  0.000000  0.910305
 0.082061  0.562977  0.263359  0.091603
 0.742366  0.156489  0.062977  0.038168
 0.193702  0.392176  0.296756  0.117366

MOTIF ATF2+ATF4_do
letter-probability matrix: alength= 4 w= 13 nsites= 75 E= 0
 0.306478  0.261628  0.369601  0.062292
 0.013289  0.008306  0.000000  0.978405
 0.000000  0.000000  0.892027  0.107973
 0.971761  0.000000  0.028239  0.000000
 0.000000  0.830565  0.053156  0.116279
 0.038206  0.066445  0.812292  0.083056
 0.064784  0.046512  0.059801  0.828904
 0.230897  0.586379  0.109635  0.073090
 0.800664  0.101329  0.049834  0.048173
 0.249169  0.157807  0.179402  0.413621
 0.071429  0.142857  0.431894  0.353821
 0.124585  0.215947  0.441860  0.217608
 0.156146  0.398671  0.212625  0.232558

MOTIF ATF2+ATF4_f1
letter-probability matrix: alength= 4 w= 9 nsites= 90 E= 0
 0.291379  0.241724  0.368621  0.098276
 0.000000  0.000000  0.000000  1.000000
 0.000000  0.023448  0.951724  0.024828
 1.000000  0.000000  0.000000  0.000000
 0.011034  0.771034  0.078621  0.139310
 0.000000  0.031724  0.924138  0.044138
 0.053793  0.093793  0.024828  0.827586
 0.314483  0.517931  0.080000  0.087586
 0.785862  0.089310  0.065862  0.058966

MOTIF ATF2+ATF4_f2
letter-probability matrix: alength= 4 w= 9 nsites= 90 E= 0
 0.291379  0.241724  0.368621  0.098276
 0.000000  0.000000  0.000000  1.000000
 0.000000  0.023448  0.951724  0.024828
 1.000000  0.000000  0.000000  0.000000
 0.011034  0.771034  0.078621  0.139310
 0.000000  0.031724  0.924138  0.044138
 0.053793  0.093793  0.024828  0.827586
 0.314483  0.517931  0.080000  0.087586
 0.785862  0.089310  0.065862  0.058966

MOTIF ATF2+ATF4_si
letter-probability matrix: alength= 4 w= 9 nsites= 90 E= 0
 0.291379  0.241724  0.368621  0.098276
 0.011034  0.000000  0.000000  0.988966
 0.000000  0.012414  0.962759  0.024828
 1.000000  0.000000  0.000000  0.000000
 0.011034  0.771034  0.078621  0.139310
 0.000000  0.031724  0.924138  0.044138
 0.053793  0.093793  0.024828  0.827586
 0.314483  0.506897  0.091034  0.087586
 0.796897  0.089310  0.065862  0.047931

MOTIF ATF3_do
letter-probability matrix: alength= 4 w= 18 nsites= 1586 E= 0
 0.384146  0.192673  0.206897  0.216285
 0.035822  0.226258  0.364086  0.373833
 0.204478  0.286159  0.389401  0.119963
 0.015995  0.015686  0.036799  0.931519
 0.000559  0.007113  0.984138  0.008190
 0.986751  0.005685  0.003665  0.003899
 0.135493  0.472195  0.148890  0.243423
 0.040114  0.033184  0.646779  0.279922
 0.185605  0.458562  0.031782  0.324050
 0.281727  0.513564  0.041543  0.163167
 0.720543  0.046350  0.138226  0.094881
 0.052609  0.342597  0.143623  0.461171
 0.148627  0.201864  0.265294  0.384215
 0.105663  0.382746  0.247919  0.263672
 0.047244  0.450108  0.376332  0.126316
 0.292425  0.466323  0.148042  0.093211
 0.086128  0.180173  0.325450  0.408250
 0.043395  0.360198  0.193526  0.402881

MOTIF ATF3_f1
letter-probability matrix: alength= 4 w= 9 nsites= 2036 E= 0
 0.222585  0.211929  0.432843  0.132643
 0.007122  0.004400  0.006012  0.982466
 0.001471  0.008825  0.987634  0.002071
 0.968500  0.007290  0.004516  0.019695
 0.006464  0.647985  0.067593  0.277959
 0.026542  0.063561  0.550505  0.359393
 0.053728  0.502834  0.012799  0.430640
 0.333978  0.438309  0.126978  0.100734
 0.559788  0.125720  0.158724  0.155768

MOTIF ATF3_f2
letter-probability matrix: alength= 4 w= 23 nsites= 1259 E= 0
 0.433141  0.276622  0.214836  0.075401
 0.080733  0.092645  0.456785  0.369837
 0.120948  0.342452  0.470370  0.066231
 0.272763  0.318102  0.337749  0.071386
 0.491821  0.211429  0.179243  0.117507
 0.567940  0.137117  0.244564  0.050379
 0.085069  0.033717  0.029975  0.851239
